33871976
131094484
33871976
33871976
33859604
33840976
15509476
131121976
4
131094484
131094484
131094884
131110104
101806984
127969484
4
131121976
131121976
131109604
131106476
103384476
129934476
0
127969484
127969484
127969884
127985104
117431984
30344484
0
15509476
15509476
15500204
15478476
44259476
111634476
0
101806984
101806984
101798084
101822604
102744484
98681984
0
33840976
33840976
33834604
33840736
15478476
127215976
0
131110104
131110104
131110504
131109604
101822604
129922604
0
33859604
33859604
33863004
33828484
13947104
131109604
0
131094884
131094884
131107380
131110024
101807384
127969884
0
