42 1000
21 35 36 15 4 42 29 5 13 41 20 21 27 18 9 37 17 10 22 33 30 12 
14 15 7 34 38 16 28 10 42 35 21 25 19 33 36 
6 19 1 30 2 39 28 
20 12 32 33 38 19 42 13 15 11 26 2 6 36 28 14 4 7 1 31 41 
6 34 4 40 17 36 5 
7 9 34 15 12 37 5 20 
21 27 37 20 10 9 24 3 19 39 26 21 11 8 33 18 30 2 4 28 16 17 
17 2 6 31 7 38 9 26 24 29 10 4 22 21 35 39 23 18 
19 41 31 5 35 32 9 37 24 22 38 14 39 7 33 3 8 1 23 4 
10 13 38 9 22 16 24 8 20 23 26 
25 36 10 25 4 15 31 19 38 6 23 12 22 29 24 28 32 39 33 20 13 21 26 1 41 3 
7 8 9 14 29 37 24 21 
22 7 32 40 35 31 19 14 42 17 38 10 18 24 3 20 1 15 12 25 9 22 6 
22 14 4 26 11 24 31 12 38 25 17 19 18 30 32 2 10 33 42 28 29 41 20 
11 20 1 37 6 28 33 25 39 26 32 7 
18 5 40 7 30 15 4 28 9 42 32 35 26 29 37 27 12 17 20 
13 19 39 25 21 40 33 10 30 3 42 27 32 31 
5 26 35 37 41 20 
17 14 1 13 42 30 18 12 28 31 21 29 23 26 8 35 11 39 
20 24 8 29 11 9 7 39 25 42 17 12 41 1 33 36 14 27 34 35 22 
17 10 14 11 25 19 1 4 13 31 12 39 28 40 35 36 33 24 
21 38 15 26 34 2 6 23 3 32 35 4 1 21 20 11 37 24 29 9 12 5 
25 11 20 24 27 31 38 37 36 5 35 17 42 40 18 2 39 29 41 30 14 7 10 21 6 16 
18 33 4 10 14 24 2 40 26 27 21 36 22 3 7 29 20 41 1 
13 33 36 30 17 2 41 34 12 9 24 16 32 13 
18 34 4 35 30 18 11 7 20 22 16 38 27 40 6 39 32 36 14 
22 1 2 18 28 40 14 6 21 3 41 33 26 15 17 25 27 34 12 38 16 30 20 
25 14 31 3 11 1 16 9 27 22 34 15 28 4 25 23 13 37 7 30 12 24 17 32 21 35 
22 39 29 28 41 19 16 35 30 7 33 27 1 14 4 38 24 31 34 37 10 36 20 
25 10 35 32 40 17 38 13 16 23 34 20 41 4 30 12 21 37 9 29 18 2 33 8 3 5 
15 38 15 25 30 37 34 4 24 32 19 20 6 12 5 28 
5 1 38 23 13 5 
17 29 13 3 12 36 37 34 27 33 2 5 24 42 30 8 41 1 
8 11 41 34 21 20 35 39 40 
7 15 42 30 28 13 20 41 
18 14 41 34 27 38 8 39 13 25 2 40 4 32 37 36 24 23 10 
11 4 7 14 15 18 31 28 30 27 11 24 
12 24 8 16 34 39 6 3 10 37 2 13 30 
24 10 19 3 34 32 21 17 31 26 30 5 40 13 28 27 33 23 38 1 4 14 15 11 24 
16 12 38 18 10 11 33 1 37 40 13 2 30 39 42 6 8 
7 29 38 9 33 2 16 10 
5 1 12 16 28 34 
8 23 33 24 21 26 5 19 6 
18 30 37 17 3 42 34 33 6 13 4 23 15 22 40 2 8 25 16 
25 31 5 18 37 24 28 9 16 4 17 41 39 14 26 6 34 27 20 40 12 3 8 23 29 30 
11 19 5 27 2 25 32 22 7 1 18 12 
6 9 36 25 17 18 14 
16 21 14 26 30 11 36 40 31 27 6 13 35 17 12 41 20 
9 8 3 2 40 24 1 19 23 14 
11 23 24 9 16 21 34 27 36 6 25 13 
11 5 25 36 33 34 37 26 3 6 21 41 
11 4 1 21 16 24 10 7 23 9 8 17 
24 34 11 6 25 5 17 21 39 8 20 32 19 22 13 26 4 16 14 38 41 40 29 37 31 
15 1 28 29 19 16 39 12 4 36 25 35 38 22 8 17 
25 16 25 12 6 15 35 21 22 5 26 42 34 29 40 38 7 11 36 17 19 13 30 18 31 1 
19 24 30 6 38 1 23 33 9 7 8 39 32 12 13 3 34 42 21 37 
23 33 21 28 8 3 22 39 30 38 40 2 4 24 35 42 15 29 20 37 19 6 27 11 
25 11 5 4 12 38 2 37 6 36 34 41 33 3 28 42 9 29 18 35 20 22 32 24 39 21 
22 27 12 9 19 34 24 5 11 33 6 39 3 41 42 10 30 4 38 36 31 7 28 
8 27 35 33 20 28 14 29 22 
24 35 30 14 40 26 34 24 20 36 31 42 38 19 13 1 25 11 7 15 5 3 33 29 17 
24 21 2 22 38 17 27 10 14 33 36 4 35 15 6 32 26 40 18 12 41 8 24 7 42 
20 21 20 42 38 37 36 40 13 15 27 3 30 22 11 25 33 31 16 14 12 
22 20 10 24 18 12 30 15 35 40 14 28 19 27 36 3 21 22 29 17 26 9 11 
16 6 36 16 37 2 11 18 13 34 22 27 39 42 32 29 38 
8 36 42 7 28 39 14 4 35 
14 23 7 24 36 21 10 14 2 38 34 4 40 28 29 
8 2 31 15 16 34 39 18 17 
14 3 14 5 28 8 7 11 17 29 21 18 26 32 15 
14 41 14 34 4 11 25 9 35 33 13 38 6 42 36 
16 26 14 23 38 13 29 12 19 2 15 33 31 42 25 1 16 
7 42 2 11 19 12 7 20 
7 33 5 20 39 7 23 10 
12 25 23 16 15 27 32 21 12 42 33 29 20 
19 36 26 19 42 7 2 20 38 22 30 24 5 35 11 10 29 32 34 1 
22 32 1 16 39 6 41 19 26 9 28 18 15 4 24 36 17 14 42 20 30 33 8 
21 13 2 28 14 25 41 11 33 18 5 35 16 31 26 36 39 12 3 15 34 40 
12 36 6 34 40 7 42 29 3 35 8 12 39 
23 38 32 10 22 25 17 16 39 36 20 1 23 42 35 13 12 41 30 9 15 26 11 27 
10 26 22 42 32 36 9 3 12 31 7 
19 4 30 16 33 37 17 34 21 18 26 31 25 32 9 12 23 6 1 24 
8 38 34 27 11 41 33 31 29 
25 39 25 9 14 23 30 37 11 3 16 29 6 22 17 2 35 13 4 42 41 33 8 32 10 34 
17 2 20 12 17 39 34 23 41 30 15 33 36 5 32 11 7 8 
13 42 28 7 11 29 36 32 6 3 33 18 9 8 
18 41 1 20 7 36 40 17 14 24 27 9 38 23 32 3 10 18 2 
8 27 17 41 37 13 14 40 10 
7 6 24 34 9 26 35 31 
16 34 3 18 26 42 24 41 20 30 21 37 17 1 36 14 39 
22 42 19 7 34 30 6 26 12 40 20 37 14 31 39 22 1 35 23 29 32 9 24 
24 10 15 20 22 18 12 24 21 13 16 33 5 38 1 34 11 36 14 2 6 19 32 29 27 
11 6 2 23 30 20 32 25 11 8 27 29 
13 8 12 30 31 22 6 9 23 25 24 1 42 10 
22 31 14 21 17 30 18 2 15 13 38 35 16 37 25 39 36 10 28 22 34 41 27 
8 41 17 33 1 23 31 28 34 
23 42 35 3 34 29 39 9 38 11 7 21 19 15 14 32 8 36 25 6 2 10 17 22 
11 28 39 12 4 13 29 22 2 34 19 14 
21 24 8 35 13 7 4 32 34 5 29 17 40 27 12 16 28 19 11 10 23 1 
9 27 6 16 20 30 33 15 21 14 
14 34 4 11 28 20 39 24 12 31 6 40 2 3 27 
12 24 19 22 1 40 37 33 2 3 14 27 8 
7 18 32 21 24 3 36 14 
8 22 31 19 40 4 8 9 3 
21 31 4 6 37 28 34 39 7 33 17 3 8 38 36 20 1 11 9 40 14 30 
9 22 7 9 3 23 40 1 11 30 
24 3 6 27 20 30 39 21 36 8 9 4 13 16 25 2 37 32 42 22 7 33 15 35 41 
25 42 32 29 15 8 14 20 41 25 18 12 1 28 7 40 26 17 10 5 6 36 9 27 13 23 
8 18 37 34 22 42 8 39 16 
11 34 31 24 3 5 13 30 17 8 19 32 
6 41 16 35 33 27 8 
11 9 16 19 20 38 7 39 30 24 10 15 
15 3 7 18 26 35 34 42 39 8 2 10 22 27 11 14 
20 22 8 7 17 24 36 13 25 21 42 16 11 19 15 37 6 41 1 2 14 
14 2 32 29 5 17 6 14 33 9 39 19 41 11 10 
19 2 33 19 4 31 16 41 10 24 20 18 29 6 23 25 37 30 8 14 
16 8 18 10 19 26 23 3 16 17 31 9 27 41 37 12 38 
7 30 27 38 22 4 18 6 
22 2 39 35 31 23 3 14 26 24 40 13 38 12 9 30 34 19 42 6 25 22 15 
8 22 3 40 42 24 39 30 26 
16 9 38 25 19 34 16 2 10 12 11 15 7 36 42 32 20 
5 23 41 39 4 9 
16 38 35 32 17 41 16 25 39 14 37 27 5 34 3 1 33 
11 42 10 7 4 21 31 9 32 23 17 2 
13 37 16 42 18 5 40 36 17 12 31 41 27 13 
8 37 36 25 26 14 31 3 18 
8 34 8 32 29 12 36 40 2 
11 27 10 3 17 37 9 8 19 34 15 25 
12 13 28 29 32 38 4 22 9 27 1 17 39 
16 15 22 33 2 21 1 42 8 7 34 32 28 26 18 37 6 
24 18 5 14 16 30 10 7 6 17 3 36 20 35 37 1 9 26 4 29 21 38 12 27 34 
12 32 25 38 20 22 40 31 37 41 19 33 11 
13 27 17 9 36 41 31 19 35 22 20 7 21 32 
8 8 38 32 6 17 27 15 18 
12 40 32 33 5 27 14 22 8 7 9 21 2 
9 8 12 38 30 21 41 10 2 25 
19 29 31 9 35 34 18 3 11 8 4 30 28 5 20 23 10 26 12 6 
5 16 36 23 20 27 
12 33 27 25 17 10 41 38 19 28 1 2 29 
24 5 41 9 4 13 42 3 21 30 7 18 14 39 6 1 26 36 17 24 23 25 11 12 38 
17 21 3 25 16 9 27 6 4 36 26 28 29 24 8 39 12 17 
21 17 25 36 32 10 11 8 21 16 37 26 29 35 39 7 5 20 15 33 13 12 
18 39 12 5 22 37 21 36 38 40 10 14 9 25 15 7 4 16 8 
17 18 16 1 7 11 40 25 41 37 19 3 39 20 10 24 22 17 
22 29 12 32 23 16 9 22 21 14 15 27 5 7 20 35 37 6 8 31 11 10 39 
25 39 14 20 22 41 13 42 37 17 33 36 7 12 34 19 16 35 5 26 32 9 27 40 30 1 
9 26 37 19 6 39 32 20 29 40 
13 40 31 16 32 30 18 9 2 10 11 36 17 4 
17 31 3 21 4 16 11 22 10 17 14 20 30 37 1 23 8 2 
19 39 42 2 13 35 1 12 18 11 40 25 8 30 36 15 9 27 7 26 
9 30 19 17 13 21 32 28 1 29 
14 10 14 26 37 41 16 19 24 30 36 3 22 35 34 
20 15 41 22 35 32 21 4 5 31 18 10 7 6 3 34 9 8 30 28 12 
18 23 7 1 34 30 27 17 24 2 38 26 14 8 20 42 3 36 25 
10 22 37 15 8 17 35 13 41 32 29 
9 18 15 27 36 1 32 22 33 6 
22 32 12 28 8 26 13 17 5 34 22 25 40 9 41 20 19 24 4 30 2 39 29 
22 27 38 36 32 3 40 9 39 11 8 13 17 29 12 2 20 33 19 26 7 23 31 
10 34 31 19 6 33 16 13 17 23 37 
12 1 14 32 22 16 25 23 17 7 24 11 38 
17 14 42 28 34 3 31 25 36 13 40 23 12 27 16 26 5 17 
8 24 36 35 25 2 21 10 29 
8 2 18 38 12 7 34 35 30 
13 12 26 15 42 4 41 33 20 35 2 30 40 29 
23 5 29 24 32 22 36 40 25 31 6 19 18 11 27 4 8 38 23 17 3 28 30 35 
22 12 13 31 39 24 38 34 2 22 4 30 26 6 32 8 28 17 9 36 10 29 20 
10 11 18 27 37 8 7 14 39 21 32 
15 41 9 32 29 2 4 7 40 28 13 1 16 15 36 11 
20 12 26 3 38 11 15 37 39 28 32 1 30 29 42 24 22 4 27 36 31 
15 11 42 30 24 25 2 41 23 5 34 39 20 15 19 8 
20 4 17 27 10 3 35 41 31 16 25 39 42 19 40 23 6 1 29 8 32 
16 15 4 19 42 32 5 25 18 21 39 37 14 27 28 10 9 
5 30 11 5 8 42 
24 7 23 15 5 13 9 20 32 34 8 37 42 1 38 39 28 31 33 3 22 27 24 14 30 
9 4 5 1 6 29 31 15 37 42 
13 31 7 13 5 34 3 6 33 16 22 15 29 42 
18 8 11 34 29 35 4 25 33 23 10 12 22 18 3 32 13 42 40 
21 7 23 15 39 26 30 34 6 8 14 42 4 10 33 19 5 11 3 28 12 18 
21 6 41 25 21 1 22 23 32 31 4 7 2 42 8 5 33 12 38 3 9 13 
23 31 33 26 12 30 37 6 3 34 5 2 4 24 16 18 38 22 29 42 21 11 20 8 
24 23 28 16 19 13 10 22 5 31 39 17 29 24 36 18 33 26 42 6 8 40 32 27 21 
24 37 39 33 27 36 12 16 38 3 5 14 1 20 26 42 8 32 9 34 18 24 11 17 13 
13 1 19 27 14 40 33 8 24 6 2 25 11 23 
20 10 40 3 8 20 4 15 5 22 18 28 39 23 13 11 14 19 24 16 36 
7 16 41 33 39 36 35 20 
11 32 41 42 25 23 20 35 38 30 5 13 
22 4 29 6 36 12 5 23 22 7 1 27 3 40 18 19 26 38 28 11 39 9 15 
8 11 34 22 9 23 30 2 12 
10 33 5 13 22 21 16 35 27 31 41 
9 11 38 31 34 2 36 5 29 17 
8 32 37 3 39 11 40 29 15 
20 35 33 7 36 11 26 1 3 16 22 31 18 28 38 30 20 5 25 14 41 
11 36 32 3 20 21 5 11 35 28 29 16 
18 15 37 40 28 2 5 21 14 10 26 23 42 29 27 19 3 18 32 
16 2 21 42 34 39 16 4 14 6 41 33 19 37 29 28 17 
16 34 8 33 30 16 15 32 17 18 22 29 35 20 39 9 12 
7 36 17 24 11 25 15 22 
15 22 32 1 4 34 38 39 15 6 36 21 8 5 23 9 
22 29 42 34 3 13 15 33 40 31 21 26 27 24 4 41 2 35 32 17 36 7 6 
11 18 1 24 34 23 35 7 19 4 32 30 
20 36 16 6 15 9 24 19 3 39 17 8 28 11 37 41 42 22 31 1 38 
8 4 9 3 36 22 25 32 16 
12 34 26 17 12 15 5 18 22 4 35 7 3 
7 11 3 37 1 24 10 20 
14 14 33 34 35 8 24 36 20 29 40 19 11 38 30 
9 25 10 27 24 26 30 8 42 20 
19 6 1 32 33 17 37 15 3 31 35 27 21 2 18 36 29 10 11 7 
14 19 32 5 13 31 33 23 11 21 27 37 2 24 9 
8 12 5 37 39 21 18 30 34 
22 24 23 2 36 12 4 30 1 25 15 28 20 42 41 32 6 38 40 31 9 17 18 
23 26 15 41 17 35 42 9 14 39 29 27 23 3 18 40 33 4 11 8 12 36 34 37 
15 1 31 21 22 29 12 19 39 3 25 42 8 28 38 26 
7 18 42 10 32 5 24 7 
6 11 42 37 25 35 20 
15 24 7 29 9 1 16 14 10 22 4 30 41 5 11 20 
21 29 23 17 28 25 38 41 32 26 16 34 19 30 39 1 31 18 13 10 2 6 
10 9 30 20 15 16 36 29 27 4 22 
23 10 30 16 36 18 27 19 40 24 31 15 22 20 8 34 38 13 6 29 26 9 11 4 
5 1 36 35 12 2 
13 30 19 1 29 42 31 24 23 21 41 20 16 40 
16 1 18 27 30 33 5 15 2 17 29 22 32 9 3 19 35 
13 41 26 25 20 10 27 24 13 11 6 23 5 2 
22 3 34 26 13 24 1 40 6 22 2 29 21 7 42 33 19 9 11 4 28 8 17 
17 19 11 34 23 36 33 38 39 21 15 4 16 32 6 31 13 10 
20 35 23 13 15 40 21 14 34 37 6 28 9 1 7 19 18 27 25 39 5 
21 35 8 20 3 11 12 25 30 21 24 38 16 10 31 27 26 6 42 9 7 19 
21 28 26 35 16 20 17 9 25 10 42 18 7 13 19 23 38 31 36 41 1 11 
8 10 34 31 30 19 3 28 20 
21 24 18 14 2 4 36 31 5 35 26 40 33 3 6 34 10 16 20 13 30 17 
17 42 5 37 13 23 1 20 16 2 28 9 29 10 17 36 6 3 
13 11 1 41 3 33 27 35 29 34 20 31 9 24 
24 33 22 32 9 27 31 1 5 6 25 35 30 15 37 10 28 7 12 14 40 13 36 3 41 
15 25 35 39 27 1 8 4 31 26 20 22 28 32 38 40 
16 12 13 30 15 41 6 20 37 27 34 42 22 7 8 1 29 
24 30 13 34 42 3 37 25 14 15 28 29 36 41 12 23 35 39 32 21 40 1 22 16 6 
18 37 2 25 17 18 24 26 10 13 27 16 23 19 20 8 30 7 3 
25 41 18 28 29 36 38 42 19 17 4 20 14 5 12 31 34 32 3 39 13 2 40 23 21 6 
23 29 7 1 40 8 24 19 30 13 15 17 36 34 37 38 21 16 35 12 4 3 11 10 
20 3 14 6 2 16 5 24 15 41 31 28 22 9 26 12 18 11 35 38 29 
20 33 1 17 25 26 19 24 23 35 21 22 3 31 15 8 30 29 4 11 37 
6 24 8 32 26 28 9 
25 33 29 16 21 34 26 12 10 14 17 13 15 37 41 38 35 5 22 36 8 31 19 30 27 24 
7 29 41 36 38 8 11 33 
5 6 20 34 16 24 
24 21 33 12 35 20 14 41 13 10 31 17 6 27 29 38 23 42 22 18 39 1 15 34 26 
13 7 22 32 41 10 16 4 15 13 17 34 3 2 
24 26 40 41 19 32 39 31 36 14 5 28 37 35 21 15 20 9 18 16 8 17 30 38 42 
8 38 35 9 13 40 28 16 14 
19 37 2 31 9 39 42 22 16 23 15 24 40 36 13 1 29 30 5 26 
14 26 12 30 28 41 36 27 18 17 22 10 35 34 9 
25 11 42 30 10 4 15 39 32 41 28 38 25 12 14 8 16 37 5 6 2 24 3 34 36 22 
8 10 4 12 41 24 15 22 38 
9 31 28 39 41 29 21 42 5 16 
10 1 4 37 33 18 36 11 28 20 15 
11 14 12 37 22 7 32 11 23 15 8 21 
9 14 18 41 6 42 9 39 20 22 
9 42 5 3 39 23 20 15 4 37 
23 3 40 1 31 9 42 11 2 6 23 27 41 34 20 38 39 29 28 30 13 16 18 36 
13 6 37 18 16 3 15 29 42 5 13 2 22 26 
20 3 14 34 40 8 6 20 27 10 21 4 5 38 2 41 9 18 11 24 19 
9 1 28 31 16 10 24 9 25 29 
5 36 26 5 33 4 
7 9 8 40 6 12 26 11 
11 7 25 10 32 26 40 13 35 37 6 20 
21 35 15 30 2 13 25 42 9 29 24 20 40 19 4 41 23 3 39 10 33 18 
8 39 3 9 16 28 19 30 37 
7 21 22 29 36 11 30 8 
25 32 8 25 41 35 5 6 18 33 22 23 3 10 7 20 4 2 21 15 24 42 9 36 28 39 
21 17 37 42 4 40 7 28 22 41 25 10 26 9 18 36 30 20 33 23 32 24 
18 25 39 4 11 26 17 38 32 27 41 3 34 7 16 18 29 28 30 
13 36 7 29 21 25 3 18 12 26 32 24 28 17 
15 27 28 2 37 36 19 33 16 13 8 9 1 35 18 34 
22 14 12 17 33 29 41 40 2 28 22 5 6 20 34 42 39 11 15 21 31 25 18 
13 37 39 40 6 1 7 5 28 24 32 27 26 30 
13 16 21 36 1 33 27 30 14 8 15 35 29 2 
9 34 13 4 26 32 9 5 28 30 
8 28 40 19 30 11 33 42 16 
22 28 25 23 35 33 41 11 26 4 29 8 39 9 21 19 18 22 1 36 24 20 3 
16 37 18 35 26 1 4 10 5 9 19 22 39 11 8 40 6 
23 37 8 15 14 5 12 23 33 41 16 4 1 38 19 3 29 40 11 39 10 32 36 22 
11 17 2 34 37 3 26 42 14 36 39 41 
8 29 2 21 19 31 35 38 40 
22 14 12 3 16 27 35 36 41 8 24 4 32 33 21 20 30 10 2 38 31 22 9 
15 1 26 42 39 24 20 3 14 16 23 30 38 29 27 17 
17 34 17 42 3 15 7 27 35 4 41 12 32 39 22 25 6 23 
20 19 1 4 10 33 34 12 18 23 15 26 16 25 29 2 27 35 6 32 42 
15 26 7 27 14 1 34 12 31 10 39 38 17 37 5 40 
20 26 14 22 4 16 33 25 23 40 24 15 29 17 7 34 42 11 37 32 27 
5 11 41 8 38 34 
15 42 37 9 25 10 15 29 18 13 27 21 4 11 20 36 
6 36 4 33 12 18 34 
5 39 35 16 8 31 
19 18 21 8 14 13 25 40 9 30 11 3 4 22 1 37 26 19 24 16 
19 4 39 20 42 33 11 37 25 36 23 32 2 1 35 26 6 10 8 16 
18 41 21 8 13 24 27 30 2 40 5 15 35 28 6 36 31 10 11 
11 16 13 7 12 39 35 30 33 9 21 14 
7 22 31 39 28 30 14 42 
9 31 38 22 39 24 5 27 19 16 
19 36 26 22 35 38 5 23 24 18 16 25 39 13 20 34 2 14 17 3 
25 10 24 4 29 11 5 33 3 28 7 18 19 15 41 21 30 6 42 8 27 1 12 9 20 31 
11 33 28 9 19 1 23 18 40 29 20 32 
23 17 6 4 27 23 31 22 29 2 32 10 18 28 24 37 19 34 16 13 25 3 40 8 
15 17 38 23 8 6 21 37 26 5 28 32 11 24 33 13 
25 42 27 19 17 1 7 38 12 29 15 10 21 5 2 24 34 20 32 18 28 41 13 33 31 8 
17 23 22 21 12 13 1 28 30 4 40 33 38 7 15 11 29 31 
12 37 31 6 27 39 38 2 17 29 34 15 11 
5 2 1 40 30 17 
9 11 26 16 41 29 10 24 27 15 
16 27 13 22 20 16 41 17 3 23 40 35 25 34 14 39 29 
11 36 31 32 11 20 4 29 13 24 33 40 
13 33 30 34 15 38 9 6 12 11 16 35 7 20 
25 9 26 33 42 17 10 19 27 41 12 37 36 16 20 6 8 32 2 1 35 21 30 5 28 22 
13 36 9 27 34 30 16 25 22 26 20 3 8 11 
21 18 28 40 35 41 19 14 2 12 24 7 39 8 26 11 33 29 17 13 4 21 
15 16 14 9 32 33 11 36 6 13 2 37 26 25 22 41 
19 11 9 13 1 5 18 36 23 26 30 3 8 20 2 22 42 7 19 39 
21 1 20 10 3 17 11 39 42 21 12 6 37 30 35 25 38 26 31 33 4 14 
13 23 26 33 3 13 18 24 37 4 7 9 27 20 
15 27 41 34 30 1 16 17 38 8 39 21 40 14 24 19 
11 27 39 16 32 24 7 6 4 20 35 40 
23 38 27 12 23 36 22 16 40 29 4 24 34 39 13 25 21 2 8 11 20 37 17 42 
14 18 38 15 10 42 31 32 30 36 24 12 21 22 20 
24 35 20 28 14 15 17 25 18 10 4 11 33 7 24 27 42 34 36 2 26 8 19 9 23 
13 13 5 2 29 42 33 8 31 4 14 19 10 12 
25 42 4 7 28 17 6 15 26 13 30 5 24 32 35 11 2 33 39 36 8 25 34 29 37 31 
20 4 15 18 25 19 35 33 36 26 24 41 14 8 27 28 12 11 37 7 29 
23 39 13 36 24 12 26 41 7 4 35 22 32 30 16 8 27 1 34 17 14 6 42 40 
18 2 30 4 39 10 16 42 40 5 33 1 37 19 9 20 12 22 32 
21 34 39 28 19 11 5 7 35 16 10 32 8 31 36 18 3 6 41 42 30 20 
6 32 28 42 35 40 6 
7 27 12 13 19 30 16 4 
5 5 39 4 42 32 
8 27 37 15 12 38 2 17 16 
15 23 32 20 12 35 2 3 19 41 1 9 24 11 31 18 
19 32 11 14 3 31 41 20 35 33 1 2 39 13 4 27 5 19 18 42 
19 36 23 29 42 31 10 9 38 21 7 26 16 39 3 4 13 34 33 25 
8 26 8 17 18 19 9 36 33 
22 4 5 15 27 42 14 17 31 35 8 19 39 13 34 22 40 25 24 29 16 38 30 
7 32 14 23 36 15 9 8 
6 25 34 16 2 17 22 
21 6 5 33 38 42 9 35 16 4 12 31 37 25 24 14 8 17 21 2 32 29 
13 12 18 25 16 5 8 2 27 4 41 33 1 15 
17 39 28 2 5 20 31 42 3 11 29 24 33 4 21 9 25 40 
11 25 33 28 36 29 19 34 15 23 32 17 
12 33 20 31 26 37 9 16 5 11 29 21 25 
8 9 11 38 4 6 8 29 36 
21 20 1 10 31 18 42 17 38 3 5 2 34 21 37 8 4 22 16 11 32 19 
10 19 34 25 32 15 1 35 42 7 41 
8 7 34 8 41 20 23 16 29 
7 11 38 12 13 41 42 16 
15 21 32 17 14 13 19 28 8 42 34 5 39 9 33 10 
23 28 20 19 42 11 21 7 16 31 8 23 39 24 41 35 2 36 22 30 6 15 32 3 
23 25 15 22 13 42 39 10 30 11 17 6 28 5 16 31 26 9 3 8 19 23 18 12 
20 41 25 6 40 7 39 1 37 36 31 38 19 2 20 42 8 17 34 22 9 
22 38 15 18 41 21 28 3 36 19 13 16 29 42 25 7 9 8 32 6 20 33 35 
10 34 42 18 7 24 1 22 11 14 33 
24 16 41 18 42 28 32 40 12 8 11 21 31 1 5 34 29 39 2 22 10 24 4 14 36 
23 31 24 1 21 40 15 13 32 25 10 36 28 12 8 6 38 23 17 37 16 26 9 18 
24 8 2 11 36 27 1 42 25 40 18 29 23 28 41 5 37 13 16 22 31 21 14 9 10 
9 37 11 41 14 26 35 27 23 13 
10 14 35 18 31 10 9 34 39 28 33 
15 16 8 29 10 38 11 6 17 19 5 36 37 13 15 30 
6 16 28 4 40 15 24 
6 29 10 22 36 38 33 
8 19 10 5 17 27 22 36 15 
8 42 39 24 8 27 14 40 3 
12 8 26 35 2 28 40 34 12 17 22 14 7 
23 34 17 3 41 27 19 6 14 23 5 42 1 38 22 2 15 8 20 31 12 25 40 11 
10 8 42 9 22 34 14 39 4 37 10 
21 9 41 3 38 26 2 13 28 22 36 21 17 31 5 40 11 4 8 30 14 12 
15 4 22 1 24 12 20 18 21 37 39 19 6 8 31 42 
23 16 5 37 11 28 41 25 20 27 15 24 40 31 38 1 22 7 19 34 29 6 4 36 
8 9 11 5 38 40 18 33 24 
11 29 30 41 11 4 15 19 20 33 40 6 
7 28 6 34 42 40 21 36 
7 19 7 9 41 11 35 16 
12 24 18 14 20 9 17 41 11 31 32 15 42 
22 40 12 7 32 27 42 13 14 20 18 5 6 33 17 19 10 1 9 22 3 2 23 
14 35 38 2 23 10 12 11 40 16 22 5 15 31 14 
15 41 8 25 17 18 7 3 26 9 12 33 16 24 10 40 
9 11 22 29 8 36 33 12 24 20 
15 1 31 36 18 41 7 37 16 34 29 9 26 15 39 17 
23 34 3 42 27 7 25 33 38 35 2 11 36 23 16 8 13 6 4 1 5 10 9 26 
8 5 16 31 6 37 35 20 19 
8 24 6 20 11 32 2 40 33 
11 36 7 8 12 29 23 39 38 14 16 1 
23 42 16 5 13 23 25 15 27 22 10 1 30 9 38 7 28 33 29 36 17 18 19 20 
7 36 6 34 24 4 18 13 
8 25 1 16 14 17 33 30 18 
23 22 41 2 24 28 30 9 21 39 14 19 26 15 18 23 20 31 5 37 25 12 32 38 
10 29 12 8 21 3 6 18 11 9 20 
7 29 20 34 28 18 12 14 
20 16 14 18 13 31 8 21 36 41 38 22 15 17 20 6 30 4 34 24 12 
25 19 27 8 15 3 22 38 16 33 9 30 40 21 26 5 35 18 39 13 7 29 24 6 37 17 
7 25 34 11 5 17 8 42 
15 11 19 37 7 17 29 1 8 25 35 13 14 4 21 27 
6 10 1 33 26 2 11 
21 5 16 11 42 2 18 33 34 10 19 39 20 8 30 27 26 36 7 22 37 38 
15 21 34 40 30 36 39 11 20 9 41 22 14 35 2 5 
21 21 18 17 24 27 32 30 39 34 9 15 42 23 19 33 40 29 37 1 22 2 
16 42 11 7 36 6 17 37 19 27 9 23 5 40 34 30 4 
17 2 12 11 24 37 39 38 40 10 7 29 15 28 4 21 23 30 
23 38 32 10 14 39 18 23 30 35 3 21 37 31 2 33 29 40 41 34 7 36 22 6 
11 36 24 2 27 35 33 21 32 38 39 41 
5 40 11 22 41 15 
14 3 6 36 4 25 29 41 10 39 8 22 24 15 30 
19 4 37 32 27 36 7 10 29 14 28 33 15 2 21 5 8 13 12 16 
5 41 18 19 36 26 
11 1 23 18 21 31 19 40 26 22 30 14 
17 20 29 10 38 22 26 9 35 34 3 25 27 12 14 18 31 37 
9 34 17 29 3 35 30 41 12 6 
12 10 33 37 28 38 39 36 32 41 11 35 23 
22 40 12 11 17 14 42 38 7 18 37 33 15 23 9 21 26 27 2 10 25 3 4 
9 42 32 20 22 24 41 27 33 25 
15 3 10 18 20 5 24 42 19 1 29 15 16 21 9 13 
14 24 5 33 41 9 4 2 35 38 6 18 13 32 36 
19 9 19 36 2 28 23 37 41 26 27 33 30 35 15 3 10 6 16 24 
8 25 13 27 16 31 8 15 24 
22 9 7 23 25 12 5 34 36 19 2 42 20 26 3 8 24 39 11 37 16 30 33 
21 7 29 17 13 3 36 23 33 42 11 9 15 40 30 22 8 25 32 41 27 19 
25 21 25 33 30 22 18 9 26 7 29 19 34 11 35 37 27 40 31 2 28 17 13 8 42 1 
15 25 6 19 30 5 21 11 34 3 20 12 35 28 31 8 
8 9 25 37 40 27 19 28 14 
15 41 11 13 34 21 31 9 37 6 22 14 23 26 35 39 
24 9 4 10 6 29 13 17 14 1 38 39 42 24 27 31 22 33 37 36 34 12 5 40 28 
8 25 8 4 31 21 1 26 32 
12 37 23 14 4 3 17 5 42 11 41 27 22 
11 1 10 32 4 34 27 11 25 13 16 7 
18 28 20 38 4 13 14 7 39 8 22 33 37 11 30 21 24 16 19 
21 41 18 13 17 1 24 33 4 22 40 20 36 6 12 42 35 5 26 29 38 16 
6 26 41 9 16 10 20 
16 31 14 25 36 16 10 20 9 39 28 33 21 30 8 37 11 
21 39 3 38 23 40 18 16 32 25 28 6 36 9 14 7 2 10 26 13 35 5 
8 24 17 37 1 10 9 31 12 
25 36 32 8 21 15 29 24 4 13 12 35 42 23 10 9 37 11 22 20 33 18 16 39 7 41 
12 32 22 42 12 35 8 41 38 18 36 27 30 
6 16 18 14 32 34 7 
18 40 1 22 37 33 17 13 3 26 32 38 42 21 12 24 41 35 19 
11 5 7 26 40 1 38 35 18 31 23 8 
13 37 31 8 3 11 22 32 34 1 40 35 21 15 
14 7 19 34 27 42 16 35 10 23 32 1 6 29 14 
24 41 8 10 6 37 28 30 40 29 23 4 1 16 20 42 17 33 25 9 13 34 15 22 3 
8 2 33 21 37 13 17 25 22 
21 3 2 11 21 15 26 31 40 6 28 12 7 34 9 20 25 39 23 17 4 29 
10 38 26 25 23 42 3 36 8 12 18 
22 8 37 22 30 23 2 6 29 10 12 26 16 31 38 42 13 41 25 19 21 39 33 
16 8 34 2 7 1 24 27 38 21 33 29 22 37 12 26 23 
23 12 37 22 14 26 41 7 30 20 16 25 21 31 13 33 1 11 27 34 2 28 10 38 
18 24 8 3 17 31 42 6 26 29 15 25 37 16 4 38 23 39 19 
15 36 5 24 10 19 31 30 1 13 4 25 15 20 7 29 
25 8 34 30 28 7 19 23 36 42 20 3 33 27 21 11 13 29 17 26 40 6 38 12 25 24 
16 36 30 3 40 10 35 32 9 1 25 19 15 20 18 14 11 
23 9 2 15 39 1 38 27 19 18 29 32 17 8 30 28 25 24 41 21 26 7 12 20 
6 1 17 39 35 42 22 
14 31 37 1 23 19 41 27 8 10 24 40 11 18 3 
17 40 21 32 31 14 15 11 8 1 35 29 36 7 4 25 22 13 
14 34 35 20 32 9 22 3 30 41 29 14 17 1 36 
15 6 39 35 36 30 22 2 40 38 32 42 21 15 7 31 
11 18 10 33 26 40 13 22 25 36 35 20 
16 35 34 11 5 38 28 12 40 39 20 15 1 10 19 8 16 
22 32 13 22 27 4 40 8 10 7 15 30 39 41 21 12 35 16 20 28 37 31 2 
20 42 10 20 31 2 22 15 18 21 5 39 41 40 26 35 16 27 38 25 13 
16 41 9 10 19 16 40 34 35 33 15 14 26 1 25 42 4 
8 13 7 4 20 14 1 42 34 
22 14 25 36 41 42 22 6 26 37 8 19 23 39 4 12 16 28 15 32 27 33 20 
21 4 25 3 30 31 40 27 1 24 33 23 28 32 19 16 29 6 13 42 38 5 
15 29 33 31 17 10 16 24 5 14 22 40 26 39 7 30 
12 13 12 30 24 36 39 34 17 37 2 23 31 
19 24 17 21 42 3 30 26 15 14 28 6 18 35 2 10 27 4 31 37 
5 41 8 4 39 7 
18 14 38 29 8 25 3 28 18 41 7 17 5 2 23 16 30 27 24 
22 34 10 4 41 11 14 19 26 20 22 23 12 25 40 2 30 15 6 5 24 28 18 
19 24 26 4 18 16 3 36 8 41 23 14 31 21 29 6 25 15 39 19 
9 22 1 5 17 2 27 12 20 23 
24 11 40 2 10 36 35 14 24 3 25 9 5 27 37 7 15 4 33 38 12 6 22 32 8 
9 13 7 8 38 25 24 33 6 19 
14 19 14 2 12 6 20 25 8 30 33 41 35 9 42 
14 21 7 12 10 31 8 17 30 2 25 1 22 37 5 
10 23 13 3 8 6 11 39 31 35 24 
24 39 13 35 8 41 31 37 21 27 4 42 19 34 10 28 16 23 3 7 36 9 18 30 14 
10 34 32 13 5 21 4 22 3 15 26 
21 39 41 3 15 16 10 28 6 14 30 25 22 37 12 29 11 42 17 24 13 5 
14 3 25 41 36 21 29 13 9 42 19 17 26 35 23 
21 19 33 21 38 28 42 22 3 40 8 10 9 12 20 2 7 13 5 25 39 29 
18 21 1 11 34 4 37 19 6 42 35 31 18 12 7 3 15 20 23 
9 26 39 38 21 41 37 9 14 31 
21 24 19 32 14 9 28 36 7 6 4 25 23 21 42 3 26 18 33 16 17 2 
7 41 29 22 28 9 42 7 
15 28 42 10 1 24 38 29 16 17 21 15 37 35 9 32 
6 13 5 21 31 27 22 
12 3 36 25 21 11 26 31 30 24 23 33 17 
6 34 27 12 3 29 14 
23 41 20 19 42 9 13 12 17 5 21 8 10 25 1 16 28 11 31 34 40 26 22 2 
15 19 10 42 23 39 28 26 37 36 41 6 14 34 40 3 
10 10 28 13 1 22 7 5 16 8 33 
8 28 19 27 34 14 2 31 22 
21 6 16 38 35 4 24 37 21 19 28 36 42 33 25 9 23 20 8 18 7 34 
20 22 10 11 13 33 36 14 27 19 4 29 34 40 16 32 6 15 12 31 25 
7 26 38 22 4 35 10 36 
10 7 12 24 19 29 5 14 31 21 17 
13 40 39 18 20 24 9 16 3 1 10 19 13 7 
23 21 42 33 20 15 37 4 32 29 18 14 39 38 16 26 19 13 8 5 27 23 41 10 
13 21 16 36 41 4 19 27 35 12 13 25 5 2 
23 40 21 17 38 25 2 7 1 31 9 10 24 27 34 14 39 4 15 28 5 37 36 42 
16 11 35 27 41 37 23 32 36 1 5 29 2 13 39 22 40 
14 17 42 24 38 40 16 23 8 3 33 15 1 41 11 
8 15 38 39 41 40 5 2 17 
8 6 8 5 38 41 13 34 16 
17 5 37 18 35 32 34 26 1 30 42 9 29 41 16 40 10 8 
13 28 37 38 8 30 36 21 12 4 32 14 41 35 
15 28 8 2 31 24 40 11 15 6 30 37 42 9 7 36 
8 5 20 7 24 10 40 41 3 
19 12 14 24 25 10 37 7 42 8 29 23 28 35 16 34 5 9 21 11 
6 20 31 41 38 32 21 
16 37 4 6 9 35 38 30 1 42 33 20 12 40 2 23 17 
23 1 35 16 5 6 7 26 37 20 3 39 22 10 24 27 15 17 14 18 38 13 33 32 
9 40 30 42 22 26 11 25 8 34 
5 19 38 22 1 5 
20 31 36 12 15 10 27 5 16 18 25 9 4 7 24 30 6 35 1 39 34 
14 3 21 33 40 20 12 41 7 4 27 34 37 19 31 
7 33 8 2 41 30 39 26 
17 32 31 30 10 15 41 12 5 40 1 33 27 4 34 13 17 3 
20 16 31 42 2 3 19 10 40 1 41 38 22 29 6 32 35 8 23 20 9 
15 11 15 19 16 1 14 9 8 10 27 30 38 29 36 20 
14 38 19 13 32 31 3 10 28 37 33 26 7 21 30 
19 11 22 5 23 2 6 25 16 13 30 18 32 12 40 34 7 20 39 3 
7 27 14 24 40 17 10 36 
9 8 6 40 13 15 20 18 21 5 
22 14 12 26 19 15 23 35 41 13 18 6 11 1 38 7 10 42 25 2 34 8 3 
18 9 29 19 11 2 28 37 39 20 22 33 24 10 27 41 8 4 15 
21 7 17 15 31 4 22 29 9 16 37 13 36 1 32 42 24 3 26 23 19 21 
23 42 29 28 12 5 32 9 11 16 35 22 17 27 39 24 36 3 18 23 20 26 30 14 
20 20 36 34 8 19 11 5 13 40 16 39 7 42 10 4 22 18 31 35 32 
18 20 41 38 3 37 17 5 7 4 33 24 26 30 31 2 42 13 9 
25 39 37 17 4 7 10 18 11 5 33 8 15 13 30 12 3 9 21 26 38 22 1 40 31 29 
18 10 12 8 14 2 40 23 1 9 16 5 15 20 27 34 25 4 42 
24 18 3 16 36 6 28 34 22 5 41 20 17 14 8 11 23 19 15 21 4 40 35 33 12 
22 24 12 11 21 19 23 17 8 41 42 35 2 40 38 4 1 5 31 32 6 15 33 
14 35 29 41 36 9 10 37 26 40 24 13 21 22 12 
11 37 27 39 8 36 21 13 41 4 5 29 
13 24 14 8 19 6 12 7 2 18 28 1 10 26 
17 9 35 21 41 27 29 38 31 7 16 32 33 36 3 22 1 2 
21 39 30 2 15 13 27 16 24 10 34 31 26 20 19 11 35 41 3 38 7 23 
14 30 19 10 34 17 23 41 32 31 38 7 35 9 5 
23 33 13 4 25 36 21 22 23 42 12 7 17 1 40 16 27 31 26 38 6 20 8 10 
8 27 36 35 22 16 37 38 25 
24 33 32 12 13 1 22 4 25 24 16 30 21 19 40 34 41 5 36 7 31 10 38 29 3 
8 22 10 4 15 37 27 36 13 
21 34 18 19 6 26 14 29 23 10 2 27 16 21 35 13 39 28 41 36 12 31 
13 27 30 24 16 5 36 23 6 18 17 9 14 10 
24 12 29 38 24 10 4 28 36 40 37 23 16 5 17 25 7 2 11 9 18 13 22 39 6 
24 12 42 28 22 19 21 4 34 16 7 14 33 26 35 13 15 3 18 9 10 24 31 29 37 
22 39 4 17 29 27 15 24 35 38 14 30 18 7 40 42 9 13 28 11 19 2 12 
24 13 38 30 39 24 15 26 14 42 16 36 34 12 10 22 23 35 21 19 40 37 6 5 20 
18 21 22 28 34 7 16 41 31 10 42 15 30 26 12 13 14 32 6 
15 37 24 8 13 14 6 33 7 16 5 34 3 2 9 25 
7 6 19 41 30 1 27 5 
12 25 23 24 36 22 19 32 37 21 41 40 30 
10 17 29 14 21 23 41 11 22 31 7 
20 23 13 10 24 36 26 8 35 42 5 14 20 15 7 17 1 28 19 31 6 
24 32 25 24 17 28 9 20 16 10 26 34 33 40 21 38 18 11 14 8 41 27 7 1 35 
9 38 42 18 6 41 10 1 36 22 
19 19 2 6 5 32 23 29 8 41 30 10 25 4 39 33 27 20 15 18 
10 4 29 35 34 19 40 11 27 22 18 
10 40 12 5 25 22 36 15 4 8 27 
23 12 30 41 11 21 31 2 18 8 25 20 27 5 28 16 17 36 10 9 32 22 19 1 
5 12 8 15 39 34 
25 14 23 34 37 40 7 35 3 11 2 31 42 10 15 28 6 18 38 33 24 39 19 16 17 22 
20 10 25 39 6 24 22 26 19 18 8 41 7 15 13 5 36 23 29 35 34 
15 24 22 3 21 4 16 19 37 10 25 36 35 17 30 26 
11 35 27 7 22 18 28 10 30 12 34 15 
23 34 39 15 21 14 24 7 37 17 42 27 23 35 29 13 3 10 36 9 32 8 40 2 
9 7 10 39 29 15 19 42 14 17 
20 30 21 37 18 8 9 32 12 4 5 24 41 36 29 7 20 23 39 11 25 
7 12 2 31 4 10 42 8 
16 27 21 10 33 15 22 3 6 1 5 28 39 32 17 13 35 
20 13 32 12 16 9 41 33 37 34 36 18 42 38 8 26 25 35 7 29 23 
11 6 38 1 29 22 19 30 32 3 9 5 
14 10 41 37 29 28 9 30 16 18 27 15 40 34 42 
23 12 13 38 31 11 2 1 3 25 6 32 4 42 22 10 41 35 24 40 34 28 20 29 
24 17 1 32 31 6 24 14 40 10 11 22 34 21 33 2 37 36 13 12 7 27 26 41 20 
25 39 16 34 7 37 27 35 20 10 1 25 4 12 14 2 29 28 22 18 31 17 36 15 23 30 
15 14 4 42 30 28 38 18 37 24 41 15 26 2 3 10 
14 40 42 1 22 7 18 17 27 3 34 12 9 11 13 
11 23 8 13 39 34 14 10 30 12 31 35 
7 5 8 26 17 40 10 14 
10 19 29 32 31 35 6 15 9 22 39 
11 31 28 13 6 20 19 42 21 11 24 41 
21 14 9 17 35 13 1 2 40 23 18 37 42 41 28 34 7 26 38 12 8 32 
23 42 6 25 28 33 40 19 7 10 29 24 1 3 13 34 9 22 36 2 23 37 32 38 
20 6 19 4 14 38 37 40 15 41 16 9 18 11 2 22 39 20 42 24 28 
22 10 32 40 33 24 23 7 25 11 39 20 5 36 16 1 29 34 15 37 6 26 21 
22 24 25 18 12 14 36 15 40 23 22 31 20 13 27 29 1 38 16 26 8 30 28 
17 10 5 30 12 17 27 3 36 16 29 34 39 28 32 4 25 40 
19 25 21 17 12 9 2 20 42 41 32 22 31 28 19 40 6 29 8 34 
12 39 19 1 29 7 36 27 31 9 14 11 32 
11 13 34 21 39 40 35 16 33 10 37 24 
13 31 12 21 20 23 36 9 28 37 17 3 29 7 
17 41 22 42 9 16 8 3 25 13 12 21 36 7 17 35 32 11 
16 8 11 20 39 35 6 16 28 38 19 30 36 25 13 23 26 
9 18 41 32 10 20 25 19 33 21 
14 28 26 18 22 33 5 39 2 24 9 14 37 34 42 
8 33 2 13 22 18 32 37 19 
6 21 23 6 15 18 20 
13 13 18 39 10 15 1 11 42 20 33 5 36 28 
9 40 9 36 33 21 32 3 24 2 
23 37 20 25 26 29 38 13 41 22 18 21 31 1 15 33 7 17 14 6 9 39 28 3 
5 39 27 12 37 17 
19 15 12 16 29 21 9 32 3 2 19 11 4 37 22 10 31 27 34 36 
10 34 42 33 27 29 18 13 23 40 6 
20 31 19 4 3 29 13 15 27 40 1 10 18 21 33 17 37 23 24 20 26 
11 32 17 39 24 36 22 23 42 33 18 25 
21 20 2 10 3 12 5 7 35 18 9 8 1 31 28 40 42 37 26 25 6 36 
23 16 13 28 17 39 34 23 10 7 40 32 24 42 20 1 2 8 29 11 41 33 9 18 
8 13 40 20 1 8 14 28 26 
6 11 5 14 34 16 22 
18 41 40 36 11 30 7 8 25 31 10 1 32 21 9 38 19 26 3 
25 32 6 4 28 12 9 23 40 20 14 7 17 26 35 2 18 1 8 13 41 11 42 10 16 33 
24 23 29 26 34 13 16 33 11 39 7 10 35 19 3 42 40 14 21 31 15 41 6 20 32 
6 17 27 30 12 38 28 
20 36 27 23 26 21 1 30 32 20 3 40 41 15 14 28 10 6 7 25 8 
15 34 8 3 5 23 24 38 31 1 16 26 12 19 21 25 
14 34 41 19 12 22 25 33 29 20 37 9 35 15 42 
13 33 35 9 10 34 16 20 26 7 11 23 41 21 
14 35 37 6 26 16 25 10 27 41 21 5 13 20 19 
19 4 42 41 20 28 3 14 2 16 21 40 13 18 34 7 9 31 25 15 
14 27 11 35 34 41 36 13 2 32 16 14 8 12 5 
5 15 16 34 7 39 
7 7 9 30 3 32 18 36 
20 29 42 15 31 40 30 20 28 1 39 2 14 8 34 3 23 25 9 32 24 
24 12 1 10 24 28 31 42 5 15 17 14 11 23 36 26 4 3 6 16 35 34 30 33 22 
11 8 37 11 12 33 40 35 15 7 24 10 
17 33 42 35 22 36 34 7 18 25 1 5 17 12 23 8 16 21 
20 36 26 31 5 2 39 22 19 42 4 11 6 1 12 33 34 10 13 28 14 
6 41 35 30 21 6 25 
18 39 36 27 20 2 5 24 10 32 11 3 30 37 28 33 6 23 21 
17 8 1 32 24 3 11 21 28 9 38 17 30 5 7 31 25 39 
22 2 9 38 37 11 17 16 23 7 8 14 31 3 26 33 28 32 30 29 20 24 5 
17 32 34 30 10 12 40 37 16 17 2 21 28 20 23 39 35 29 
20 5 14 34 16 22 29 32 21 15 35 26 30 41 33 42 4 24 20 36 23 
12 29 24 15 10 21 40 33 7 25 16 36 30 
12 12 32 13 33 20 28 35 27 38 23 11 30 
23 28 3 26 33 27 9 41 22 15 8 4 11 38 6 18 10 14 30 25 39 17 34 35 
13 18 38 24 8 37 4 22 10 31 16 34 1 29 
10 39 1 16 41 40 9 25 15 17 24 
18 7 31 41 39 40 35 32 11 5 34 26 3 9 22 25 21 19 15 
22 20 40 16 13 24 35 27 5 3 4 7 30 26 6 19 41 9 37 33 14 21 34 
10 23 8 12 9 39 19 36 31 33 42 
7 28 38 23 11 20 13 15 
7 13 14 41 9 24 22 42 
20 23 38 2 19 26 28 7 1 17 11 27 29 13 15 36 41 6 39 24 25 
19 7 6 20 39 34 25 27 9 38 8 28 29 16 10 14 15 36 12 35 
12 36 7 21 37 31 27 25 4 42 5 29 30 
5 28 6 3 29 8 
17 4 25 42 2 5 30 32 16 31 11 8 38 23 18 17 9 14 
7 40 4 10 17 26 21 25 
18 34 14 2 17 39 7 11 38 35 32 37 15 22 42 18 28 24 5 
12 16 26 23 18 17 40 14 22 2 33 41 29 
25 22 3 29 17 42 7 20 23 13 16 5 27 12 1 18 32 4 24 38 41 19 28 6 25 26 
24 8 14 40 12 20 17 37 33 24 2 4 22 15 11 6 42 25 27 30 1 23 38 35 28 
7 22 31 17 25 35 29 41 
16 23 20 31 29 27 7 38 17 5 32 28 8 14 41 6 21 
10 42 6 4 31 35 1 19 26 3 5 
18 26 2 27 18 32 16 4 13 39 21 29 9 28 17 14 6 38 15 
10 12 17 28 6 41 7 39 29 24 23 
11 9 14 23 35 41 11 39 8 26 25 17 
11 16 15 20 38 17 6 23 8 35 11 42 
17 17 1 16 36 10 27 41 5 34 31 29 25 11 19 30 21 35 
14 23 5 39 18 4 40 17 9 28 21 38 8 10 32 
22 35 2 40 3 38 5 9 30 24 21 31 22 19 34 29 13 33 8 39 32 1 17 
8 9 30 10 11 13 41 28 15 
23 14 5 25 19 32 4 37 36 41 13 2 28 21 16 17 33 6 20 8 35 30 7 11 
12 22 3 24 9 15 13 1 36 34 12 8 14 
15 13 39 17 12 21 16 40 2 15 23 24 9 27 31 10 
15 37 41 28 27 34 33 2 30 12 14 36 18 40 5 42 
25 11 24 9 15 25 10 38 40 39 22 13 23 29 17 7 19 21 36 26 12 31 16 14 6 27 
18 12 7 2 11 28 22 25 8 1 18 16 38 23 9 42 15 21 36 
6 42 8 34 31 17 16 
25 41 4 21 5 35 23 34 31 19 27 3 14 36 18 30 17 13 25 20 8 26 32 40 9 16 
16 17 6 14 35 27 24 41 5 4 23 3 13 22 7 39 12 
20 25 15 13 37 42 39 23 28 38 10 40 21 32 12 18 4 33 6 14 7 
13 16 25 3 6 24 10 35 13 15 19 4 12 9 
12 42 19 28 27 25 17 40 10 15 3 2 16 
12 22 9 1 12 33 39 15 2 32 27 42 16 
22 37 34 13 12 26 1 22 25 24 14 39 30 28 11 19 21 40 35 33 36 9 6 
25 25 17 13 4 39 41 29 28 38 1 8 12 16 20 33 40 5 21 27 15 32 24 30 7 6 
11 18 33 7 3 36 29 27 17 40 23 24 
9 8 9 18 13 35 29 1 5 39 
17 5 40 10 26 35 30 8 22 16 6 19 1 39 9 21 14 11 
8 23 26 36 41 32 8 21 31 
20 33 28 11 17 37 31 26 21 35 13 38 4 10 27 2 5 20 32 6 29 
10 31 24 38 20 32 12 15 22 23 35 
23 22 39 26 23 21 9 15 17 24 1 30 4 29 38 18 36 14 33 40 28 5 3 13 
13 33 16 28 26 9 40 37 21 32 30 23 41 10 
8 39 21 7 37 38 14 31 26 
7 30 2 12 4 28 32 27 
24 14 22 25 30 42 16 23 32 28 7 37 17 5 38 24 29 15 31 20 9 41 12 19 10 
25 33 5 32 31 13 23 24 27 9 12 28 38 42 22 29 25 8 7 4 41 34 17 3 15 39 
23 30 9 37 20 5 14 1 4 26 28 38 22 31 32 15 40 21 39 6 23 18 36 33 
21 2 13 42 11 5 32 41 35 23 3 17 39 16 28 34 15 29 6 27 21 12 
15 7 34 25 42 26 38 10 21 16 12 28 40 8 19 13 
21 41 21 33 8 40 15 14 1 35 3 29 25 9 16 7 23 30 36 17 24 26 
22 34 8 35 20 26 13 42 28 16 22 1 18 40 36 38 17 9 30 11 23 25 31 
8 25 32 28 39 14 1 5 17 
24 27 37 8 3 4 41 40 11 7 17 15 12 38 34 35 14 33 19 20 22 30 39 25 36 
6 1 14 21 28 2 27 
12 21 25 8 20 26 2 10 30 42 15 28 41 
25 41 11 30 2 18 7 15 32 12 23 17 21 29 25 6 40 9 14 24 19 3 37 36 13 27 
20 39 33 24 32 3 1 18 40 8 29 11 21 27 42 4 6 35 37 5 17 
11 37 31 41 17 32 7 35 33 10 42 16 
21 28 27 1 18 24 21 37 4 3 15 12 36 38 39 32 41 14 33 9 17 20 
17 34 17 9 16 21 40 2 30 8 27 36 24 7 37 11 12 41 
10 35 32 6 7 17 22 37 40 8 13 
14 8 9 17 19 37 31 6 1 20 10 13 42 5 15 
12 6 9 14 24 30 37 13 29 28 8 27 1 
24 17 21 20 22 18 23 5 1 28 12 9 25 16 33 35 34 32 27 36 7 10 19 37 15 
9 5 30 14 23 24 18 35 40 26 
6 21 29 38 22 28 17 
20 18 25 19 12 11 5 17 38 15 20 7 21 9 2 40 33 6 8 24 13 
7 18 11 19 16 31 38 33 
13 1 22 27 31 13 5 3 34 40 11 12 32 9 
9 17 22 16 41 9 10 23 18 27 
21 1 32 34 41 11 4 31 33 25 3 29 40 5 42 38 36 35 30 37 8 17 
23 28 4 5 42 40 19 24 39 1 6 20 13 38 25 36 10 7 35 21 26 12 15 22 
15 35 24 1 30 3 21 5 25 22 16 2 9 36 6 29 
7 20 5 33 21 17 7 15 
19 7 22 2 33 34 30 14 12 24 8 16 26 1 3 20 6 32 29 23 
6 18 16 15 38 34 40 
8 25 19 13 39 16 35 21 22 
22 16 40 8 33 41 3 10 19 24 42 7 9 37 11 2 30 36 5 27 18 26 12 
15 30 41 36 33 19 42 23 37 1 29 31 3 4 11 17 
21 28 11 33 17 39 13 15 35 30 2 7 12 22 26 3 31 40 4 37 38 41 
8 11 36 34 7 19 31 18 24 
8 13 11 1 12 35 3 10 28 
18 15 29 5 42 31 7 26 12 18 19 30 8 10 3 21 32 34 37 
8 16 42 35 36 34 30 22 27 
14 35 18 32 21 13 22 3 23 25 12 6 7 8 10 
14 12 31 7 29 27 36 24 42 28 30 3 33 10 34 
21 31 15 25 19 20 8 23 34 27 28 6 10 38 9 33 17 32 24 1 2 3 
11 5 15 40 3 17 26 6 16 11 33 2 
18 10 8 16 17 21 19 34 9 3 37 11 5 32 12 42 18 28 40 
24 12 19 22 42 5 23 37 33 31 9 25 11 2 16 20 30 32 29 40 34 41 14 26 38 
7 19 34 17 25 38 42 31 
22 32 17 18 4 30 7 28 29 36 22 31 39 16 42 37 3 38 23 10 33 26 1 
16 19 8 38 14 18 2 24 3 7 20 42 15 21 27 28 26 
18 30 42 6 39 32 10 11 16 17 23 3 1 31 34 12 21 2 40 
15 31 29 12 4 2 14 41 26 23 27 3 7 16 28 5 
5 15 40 26 1 8 
20 38 16 19 34 32 28 27 39 5 25 26 3 36 9 30 33 31 15 2 17 
18 12 4 35 11 15 22 27 36 40 29 21 17 2 1 3 39 32 37 
12 8 41 25 24 23 26 16 20 32 14 12 33 
7 4 9 24 42 25 31 13 
19 12 27 35 26 42 38 36 25 9 14 18 2 33 15 19 37 3 10 34 
5 17 42 27 41 16 
9 1 4 8 33 36 14 20 2 22 
17 42 28 35 22 40 17 24 5 27 38 19 25 3 14 29 31 32 
7 16 32 42 41 34 29 38 
7 12 24 34 18 30 41 15 
21 10 37 5 38 2 39 14 12 7 4 23 31 13 36 20 32 18 28 27 29 25 
22 10 21 19 25 4 18 13 28 38 27 41 34 11 32 6 15 8 35 2 37 39 9 
22 35 23 29 33 2 4 19 24 30 14 7 3 1 15 26 18 40 36 25 38 41 10 
9 16 31 4 27 42 38 7 11 21 
11 8 31 14 10 11 19 32 18 23 39 12 
17 21 10 22 38 25 28 39 14 26 42 31 41 15 18 4 13 11 
20 39 26 25 29 5 3 16 2 38 12 20 8 22 23 28 19 41 10 33 37 
8 9 32 34 26 27 25 28 7 
10 35 24 26 29 3 1 9 5 28 4 
19 14 2 6 37 30 12 10 18 16 36 11 32 33 8 13 19 15 41 25 
25 10 29 36 40 18 7 33 32 34 38 21 28 20 35 5 42 6 2 19 25 9 37 41 12 39 
5 23 4 42 33 34 
9 1 13 15 10 22 40 35 41 5 
14 24 19 8 10 1 9 6 7 2 25 38 40 14 41 
5 16 1 11 17 36 
23 7 18 22 25 16 42 40 34 21 36 19 38 10 33 27 9 35 39 12 41 13 17 6 
7 30 20 14 28 21 40 41 
10 10 27 11 42 29 26 13 35 7 36 
9 7 15 29 1 18 34 11 19 39 
5 41 34 11 8 19 
18 38 8 31 2 41 40 20 16 14 29 6 30 37 18 36 17 15 7 
13 33 20 5 26 32 16 40 19 28 14 30 15 36 
13 16 19 31 20 4 29 30 12 25 17 28 27 15 
23 39 8 32 16 11 36 21 1 42 31 22 38 2 41 30 25 3 27 19 13 23 20 5 
12 11 27 9 28 37 3 15 1 36 30 31 25 
12 9 26 28 29 42 11 33 39 38 21 23 16 
12 30 37 23 38 36 32 5 33 8 28 19 15 
5 9 39 6 23 26 
25 13 14 1 33 11 39 38 37 4 12 16 10 29 15 8 9 27 22 7 24 31 5 17 42 41 
23 11 42 37 22 30 8 20 25 10 5 32 41 6 7 38 3 29 12 14 21 34 31 16 
8 21 29 18 14 1 15 40 10 
24 17 35 31 15 30 27 40 32 7 10 18 34 1 12 29 6 37 20 22 23 13 5 41 4 
21 36 34 15 5 1 21 25 28 7 2 29 42 18 16 38 24 39 19 40 17 41 
8 13 9 3 28 34 23 20 39 
5 10 3 20 42 13 
25 36 42 3 9 29 6 19 28 7 16 20 37 12 18 14 39 1 10 4 11 23 13 2 26 31 
5 12 37 19 10 38 
6 27 42 3 6 4 21 
6 5 8 15 19 37 30 
6 32 39 18 13 27 22 
9 29 12 21 31 37 10 16 14 40 
22 13 8 41 20 15 37 42 21 31 7 3 14 12 35 33 6 25 17 18 26 36 38 
7 35 5 22 38 24 6 17 
6 33 7 15 18 32 8 
25 15 30 7 27 16 13 1 4 18 24 5 9 2 3 11 29 31 28 10 37 14 41 33 39 40 
20 4 37 36 15 26 38 24 16 30 11 14 23 5 9 41 27 35 18 6 32 
8 30 28 5 33 37 23 41 18 
13 18 26 7 27 21 1 23 11 39 25 41 17 8 
22 3 29 4 38 31 32 28 15 23 36 18 16 39 22 30 1 12 25 33 8 20 14 
15 24 7 22 27 19 1 10 40 36 42 13 26 6 12 23 
21 11 19 10 17 1 36 8 33 24 5 26 37 12 30 18 9 22 14 38 3 42 
19 14 8 35 12 30 9 25 26 3 33 38 39 28 20 13 16 5 23 31 
15 5 33 17 29 42 16 18 37 11 28 19 4 8 7 22 
9 11 5 30 31 19 2 27 39 3 
24 19 27 10 23 37 42 8 4 30 6 24 25 18 1 15 32 12 36 41 40 7 11 16 39 
13 15 22 1 3 41 27 24 8 14 36 33 34 29 
7 33 7 27 18 24 15 11 
10 39 13 30 20 40 1 41 7 26 31 
11 13 26 11 4 41 31 2 25 7 37 10 
17 9 18 41 40 27 22 6 31 26 30 37 8 24 14 42 35 2 
20 39 10 19 5 40 31 41 33 12 17 25 2 1 36 16 32 26 21 28 15 
22 32 29 17 19 4 34 36 23 3 2 42 13 9 40 20 25 1 41 27 7 14 31 
6 39 14 8 28 3 1 
15 6 41 18 23 11 27 10 39 19 21 32 20 34 40 35 
17 12 9 31 6 33 38 23 25 21 40 3 13 22 8 17 42 5 
11 26 8 39 27 9 33 25 17 22 13 28 
14 41 25 32 30 18 20 13 6 8 39 15 17 12 36 
7 4 37 10 39 31 38 18 
7 36 21 19 26 17 32 2 
19 38 27 41 32 16 13 23 21 39 24 12 9 22 34 28 10 3 4 29 
21 42 24 9 13 36 8 23 41 1 6 22 4 32 33 25 15 26 29 28 18 2 
25 11 6 19 14 9 25 16 8 32 17 7 3 31 27 22 36 38 21 20 4 13 26 1 35 42 
21 22 5 2 14 36 27 38 41 32 13 10 26 8 40 7 30 20 18 12 3 31 
22 32 25 11 36 41 2 35 10 7 23 5 12 28 21 24 16 9 34 6 3 20 22 
21 13 31 38 24 23 7 41 37 36 32 8 16 29 20 25 39 11 26 33 17 21 
13 21 16 18 8 38 13 9 15 4 28 42 40 22 
15 42 37 17 11 30 15 4 8 2 22 20 23 25 35 29 
16 21 7 36 6 2 10 15 18 9 34 16 20 32 27 3 31 
20 20 36 25 39 26 18 37 6 10 19 34 40 42 32 13 11 30 41 38 14 
11 32 20 13 33 19 12 27 16 21 42 5 
15 24 3 36 25 39 26 12 2 13 32 33 22 37 23 1 
22 5 33 21 14 25 40 19 8 24 23 20 6 31 26 41 27 18 12 13 34 38 39 
13 40 14 1 42 20 6 29 9 24 18 39 36 32 
19 39 11 15 29 42 41 35 32 18 23 9 31 20 25 24 37 2 27 6 
6 36 15 1 35 10 11 
13 24 21 2 13 30 7 9 16 28 11 40 8 17 
23 8 21 10 3 13 7 37 6 14 30 31 22 17 24 9 38 20 25 15 33 35 11 34 
11 5 7 24 22 4 15 21 9 40 41 19 
21 39 6 4 25 24 40 36 11 5 38 30 12 21 15 23 14 37 10 3 9 19 
20 23 31 16 3 18 21 4 40 32 19 10 13 28 39 34 38 29 22 37 11 
19 22 36 11 28 25 29 41 30 42 33 15 6 23 14 4 9 32 21 7 
7 9 32 27 18 34 28 11 
18 39 30 16 36 4 26 9 13 3 7 10 23 29 8 19 38 32 22 
19 2 22 17 24 25 4 42 9 8 29 1 31 27 36 13 6 39 41 7 
8 2 6 12 9 4 13 5 27 
18 35 13 37 22 31 10 1 33 30 41 11 21 8 38 16 36 12 5 
24 32 7 19 30 8 15 1 9 5 24 37 36 25 3 40 42 11 33 26 13 23 38 39 41 
20 24 15 10 2 40 42 11 37 3 29 19 34 4 35 21 38 18 16 30 6 
18 11 24 9 19 18 21 33 35 27 29 22 2 32 17 39 8 12 26 
11 32 21 38 5 4 24 6 35 12 3 13 
20 33 1 29 22 3 17 27 13 16 40 20 18 25 19 11 31 24 23 30 7 
8 15 26 12 28 27 19 21 1 
7 1 30 38 39 16 2 31 
9 40 36 14 2 21 20 26 1 9 
5 40 38 13 10 25 
25 10 5 41 32 23 31 6 3 29 30 42 11 36 2 37 25 18 28 39 16 40 12 13 9 7 
10 19 18 30 21 22 40 15 24 4 2 
17 13 39 2 6 29 12 27 9 34 30 16 19 24 31 11 1 25 
18 7 2 17 41 10 37 18 25 14 19 12 6 27 39 42 5 11 24 
16 24 34 9 29 8 26 10 17 5 20 37 31 1 11 23 15 
13 36 13 22 35 16 14 1 20 38 29 27 2 19 
21 36 34 39 5 9 10 19 16 12 17 24 40 30 4 14 1 33 29 8 22 13 
10 11 25 26 8 1 37 6 7 29 5 
12 41 8 16 35 4 1 39 34 22 25 40 11 
24 15 22 34 2 16 24 40 13 17 5 32 21 35 7 38 31 6 39 9 41 14 3 42 20 
15 26 1 15 30 39 41 42 19 2 33 34 9 17 20 3 
15 6 8 3 18 37 23 15 32 16 11 25 14 33 20 26 
15 38 31 23 29 13 17 33 25 27 1 18 4 32 6 21 
5 17 20 41 14 22 
5 23 9 30 35 16 
9 10 2 24 32 6 22 17 11 36 
13 23 15 13 35 27 2 5 16 36 7 41 26 39 
9 2 4 14 33 6 32 41 24 40 
7 24 6 13 19 39 34 5 
18 1 3 32 40 16 24 19 12 13 23 8 15 4 38 30 26 34 42 
13 7 6 14 17 24 39 22 37 35 33 30 28 18 
22 15 23 24 28 7 30 33 34 12 20 8 36 4 16 3 27 5 17 32 31 2 39 
11 1 9 30 41 19 6 35 34 5 22 31 
15 11 20 26 30 39 24 34 41 16 10 29 25 7 4 23 
19 26 28 8 31 20 3 24 15 17 38 14 18 5 29 7 9 30 23 32 
23 11 37 30 12 26 6 24 1 9 21 15 40 5 38 31 22 13 36 29 17 8 16 28 
25 5 21 13 31 25 40 2 12 9 20 7 24 28 14 1 42 35 16 8 10 6 39 18 11 17 
13 31 28 38 25 12 24 5 4 13 40 37 8 20 
19 9 7 20 11 19 42 16 24 25 6 35 27 5 1 32 23 18 10 40 
16 8 29 32 5 36 38 42 7 16 10 4 21 39 37 26 40 
6 24 33 18 6 2 29 
7 20 27 21 40 30 9 2 
13 3 35 24 38 23 8 28 19 5 12 32 17 13 
21 2 15 3 24 12 27 9 41 16 40 21 36 26 31 19 6 1 18 17 29 14 
10 33 10 18 26 16 40 23 37 22 15 
6 6 4 19 41 37 35 
20 31 26 14 13 39 24 35 28 17 27 11 23 1 5 30 25 21 36 10 42 
13 22 7 36 11 33 6 23 29 38 5 1 26 9 
16 27 26 39 42 22 8 37 31 3 11 28 29 34 2 25 17 
11 13 11 21 29 10 40 2 17 30 31 3 
7 7 19 17 35 33 40 5 
12 3 14 8 28 15 31 42 1 30 40 7 35 
18 31 39 15 29 28 22 33 23 7 21 27 19 6 18 16 30 42 38 
18 6 3 32 2 14 29 17 9 42 15 38 13 16 35 33 22 40 27 
22 2 34 39 8 5 40 32 22 29 18 9 1 30 11 7 41 36 26 25 35 15 38 
23 9 13 23 30 14 6 21 2 36 18 12 42 10 3 16 15 35 39 20 1 37 34 25 
18 3 23 24 29 25 38 16 1 12 14 20 13 34 6 18 36 11 42 
12 3 33 27 22 2 7 37 19 9 18 10 25 
20 36 16 6 3 10 23 31 4 1 27 9 41 15 28 22 40 35 19 37 17 
22 15 10 2 7 41 4 14 25 33 6 9 8 20 5 11 24 39 1 35 21 3 18 
19 37 13 27 9 33 31 12 28 30 41 42 1 6 16 25 40 4 29 8 
13 2 9 16 23 15 20 3 35 32 13 31 36 42 
6 18 37 5 42 21 22 
17 30 19 2 39 42 8 17 16 33 20 21 18 23 4 24 12 37 
11 19 34 5 16 3 9 39 26 30 28 27 
17 6 26 32 10 25 33 7 16 35 30 9 5 27 40 8 39 24 
5 42 1 27 23 7 
19 10 5 33 2 26 41 7 24 4 28 36 29 22 32 17 12 39 35 18 
21 24 18 42 8 10 33 28 19 7 12 16 4 36 31 23 1 6 20 14 11 29 
25 25 21 27 8 40 10 14 37 38 5 6 3 33 31 17 24 2 22 19 39 30 35 11 13 34 
5 38 42 36 30 10 
6 5 30 6 37 33 16 
9 4 29 10 8 7 11 40 20 9 
22 7 32 13 4 10 15 25 37 36 26 39 5 29 14 34 6 21 18 42 35 17 20 
6 22 39 32 31 2 17 
22 24 12 36 2 30 14 3 31 32 20 15 18 16 1 34 38 40 27 42 37 28 39 
15 28 30 4 8 36 22 12 16 3 23 37 29 13 19 26 
15 22 5 11 17 6 14 12 34 24 38 13 39 41 10 31 
12 19 23 16 6 21 2 33 11 4 22 27 7 
7 29 34 20 30 33 25 28 
24 28 18 38 9 10 7 12 8 31 15 16 41 6 4 40 22 32 23 27 21 5 3 20 42 
19 11 32 14 7 35 12 17 13 30 26 36 15 27 19 6 28 16 42 5 
18 14 40 16 8 25 9 34 29 19 41 27 6 3 23 1 4 30 12 
13 17 9 36 11 24 30 25 1 42 2 13 33 6 
6 15 1 28 3 11 8 
5 28 12 42 5 16 
8 24 28 36 22 17 21 40 27 
10 15 6 9 12 39 20 36 40 33 42 
7 1 38 24 42 33 19 26 
15 13 31 11 42 25 39 12 24 23 2 37 1 15 40 41 
15 32 22 36 15 39 40 6 23 3 25 18 17 5 2 19 
24 27 42 1 12 5 14 41 37 2 13 33 21 35 6 9 15 29 32 7 39 18 8 40 16 
22 22 6 4 8 7 9 16 11 30 23 25 33 20 19 21 2 1 38 17 39 26 14 
21 19 34 15 11 2 6 21 20 17 28 30 39 5 38 36 26 40 37 22 32 35 
18 20 21 4 42 1 32 23 2 24 27 36 7 10 38 39 12 29 17 
19 12 40 16 19 15 21 14 20 36 34 27 18 39 35 22 42 41 6 3 
20 38 15 12 36 14 37 5 23 17 18 13 8 7 2 6 25 29 9 21 32 
5 2 29 16 32 38 
25 41 40 35 38 30 8 27 18 29 32 6 42 25 20 33 1 2 13 37 5 15 19 36 10 24 
25 20 10 19 3 36 29 39 8 25 41 34 11 24 27 4 7 21 14 37 13 6 2 16 30 1 
23 31 36 23 32 19 6 20 16 1 42 13 29 14 12 34 5 40 9 17 21 38 18 33 
10 18 2 26 17 7 24 16 5 31 22 
12 8 39 18 27 32 3 20 22 35 28 36 42 
15 15 27 30 40 18 34 14 17 37 5 26 12 28 29 20 
20 5 42 35 27 11 16 30 41 12 36 14 1 2 7 31 26 38 19 20 3 
24 31 24 17 21 26 12 13 25 15 42 7 39 3 30 6 14 10 4 22 5 2 29 18 23 
10 27 38 19 22 1 23 30 4 5 13 
24 23 26 7 4 28 30 19 17 5 15 22 41 31 39 29 21 32 13 38 37 12 27 35 42 
15 35 12 10 11 2 28 20 13 34 17 14 30 32 42 21 
8 18 7 13 9 23 34 11 22 
11 33 9 41 29 6 23 36 2 40 13 32 
9 41 6 23 3 28 27 24 13 22 
17 30 27 15 6 7 19 35 25 18 23 20 13 41 21 8 39 16 
18 9 23 25 42 16 33 37 32 13 29 15 2 40 41 17 26 14 3 
15 37 6 9 32 30 8 17 7 28 2 41 12 15 27 23 
10 33 35 6 36 14 21 4 13 24 26 
20 26 3 36 23 40 10 25 37 5 20 28 19 33 41 7 14 8 17 24 22 
23 18 11 5 32 13 2 24 33 20 17 19 8 40 27 6 4 35 34 16 10 9 41 38 
12 30 20 28 12 25 15 40 42 31 26 9 19 
15 6 16 29 33 30 11 35 23 25 34 31 20 7 27 5 
22 4 41 20 8 25 17 38 2 33 13 42 30 10 39 12 32 28 11 37 19 40 6 
10 23 27 11 30 34 2 28 37 19 16 
25 30 41 27 14 25 31 39 18 35 10 36 23 12 28 7 9 29 26 8 37 22 40 11 2 6 
13 16 32 12 17 4 36 34 15 20 3 38 28 30 
21 1 31 24 25 20 30 12 36 35 32 38 37 18 6 9 8 29 19 28 17 34 
12 25 33 35 17 1 34 19 21 38 9 18 30 
8 23 39 13 6 29 3 41 5 
7 11 30 37 12 33 27 14 
13 42 38 9 36 23 1 32 7 26 18 20 4 33 
21 14 2 13 26 10 18 9 36 7 6 33 27 32 42 28 34 22 16 11 15 29 
8 21 41 27 11 14 8 38 36 
9 17 31 9 38 5 37 3 42 41 
20 39 25 32 9 11 19 23 5 28 35 13 21 3 42 8 18 12 41 14 34 
22 25 37 10 26 29 17 41 36 11 5 16 35 40 21 34 33 15 38 31 9 14 20 
7 19 7 17 26 8 33 3 
19 11 12 39 5 17 7 21 36 16 10 20 29 8 18 38 41 3 1 14 
22 18 2 19 17 35 8 6 4 28 29 1 39 37 32 24 11 31 10 5 16 12 21 
19 7 16 15 40 5 10 29 11 18 32 33 37 41 27 24 8 26 25 17 
21 21 24 7 33 14 5 3 9 28 23 15 29 32 40 19 18 41 20 17 6 42 
23 28 36 40 30 8 13 24 41 22 9 42 14 27 5 7 3 4 33 25 29 10 39 18 
24 33 42 1 37 41 6 7 9 28 17 31 32 35 11 39 10 15 16 22 3 25 30 36 26 
5 35 15 1 20 6 
14 35 20 32 22 37 24 38 4 10 36 12 31 17 30 
24 31 41 5 18 7 8 20 39 38 28 10 40 13 37 42 30 25 26 3 12 34 23 33 15 
9 2 39 38 42 20 41 7 28 24 
16 23 7 1 15 12 21 42 28 4 14 32 11 36 35 10 38 
14 6 42 14 36 20 4 41 27 40 23 31 15 5 38 
11 15 31 14 27 23 22 37 26 13 12 38 
